%YAML:1.0
---
body_T_cam0: !!opencv-matrix
   rows: 4
   cols: 4
   dt: d
   data: [ -5.6039118855388814e-02, -6.0238705837282747e-03,
       9.9841040165910844e-01, 1.1883753670508658e-01,
       -9.9840805049451942e-01, -6.0735702154190996e-03,
       -5.6075631539658111e-02, 2.6663538289603178e-01,
       6.4017080255771575e-03, -9.9996341169466241e-01,
       -5.6739233627529639e-03, 5.0210384153777374e+00, 0., 0., 0., 1. ]
